-0.00370403
-0.00705839
-0.0100989
-0.0128626
-0.0153869
-0.0177093
-0.0198666
-0.0218946
-0.0238277
-0.0256978
-0.0275349
-0.0293657
-0.031214
-0.0331001
-0.0350407
-0.0370485
-0.0391326
-0.041298
-0.0435458
-0.0458733
-0.0482743
-0.0507389
-0.0532541
-0.0558041
-0.0583704
-0.0609324
-0.0634677
-0.0659527
-0.0683628
-0.0706731
-0.0728588
-0.0748956
-0.0767603
-0.0784311
-0.0798881
-0.0811138
-0.0820932
-0.0828145
-0.083269
-0.0834514
-0.0833603
-0.0829979
-0.0823704
-0.0814877
-0.0803636
-0.0790155
-0.0774644
-0.0757347
-0.0738536
-0.0718511
-0.0697596
-0.0676134
-0.0654484
-0.0633013
-0.0612095
-0.0592107
-0.0573417
-0.0556387
-0.0541365
-0.0528678
-0.051863
-0.05115
-0.0507532
-0.0506937
-0.0509889
-0.0516519
-0.0526918
-0.0541133
-0.0559167
-0.0580978
-0.060648
-0.0635545
-0.0668005
-0.070365
-0.0742236
-0.0783486
-0.0827093
-0.0872725
-0.0920028
-0.0968634
-0.101816
-0.106822
-0.111842
-0.116836
-0.121768
-0.126599
-0.131295
-0.135821
-0.140146
-0.144241
-0.148081
-0.151641
-0.154902
-0.157847
-0.160463
-0.16274
-0.164671
-0.166252
-0.167482
-0.168364
-0.168903
-0.169105
-0.168981
-0.168542
-0.1678
-0.16677
-0.165468
-0.163909
-0.162112
-0.160092
-0.157867
-0.155454
-0.152871
-0.150134
-0.14726
-0.144263
-0.14116
-0.137965
-0.134693
-0.131357
-0.127971
-0.124548
-0.121101
-0.117644
-0.114188
-0.110748
-0.107336
-0.103966
-0.100653
-0.0974098
-0.0942518
-0.0911936
-0.0882506
-0.085438
-0.0827712
-0.0802653
-0.0779351
-0.0757949
-0.0738582
-0.0721373
-0.0706432
-0.0693854
-0.0683713
-0.0676065
-0.0670937
-0.0668334
-0.0668231
-0.0670572
-0.0675272
-0.0682213
-0.0691246
-0.0702191
-0.0714838
-0.0728947
-0.0744254
-0.0760473
-0.0777295
-0.0794399
-0.0811452
-0.0828118
-0.0844058
-0.085894
-0.0872446
-0.0884272
-0.089414
-0.0901801
-0.0907042
-0.0909687
-0.090961
-0.0906728
-0.0901015
-0.0892495
-0.0881254
-0.0867429
-0.0851219
-0.0832875
-0.0812705
-0.0791064
-0.0768355
-0.0745023
-0.0721547
-0.0698434
-0.0676214
-0.0655429
-0.0636628
-0.0620356
-0.0607143
-0.0597502
-0.0591914
-0.0590823
-0.0594627
-0.0603672
-0.0618243
-0.0638562
-0.0664779
-0.0696972
-0.0735141
-0.0779211
-0.0829027
-0.088436
-0.0944903
-0.101028
-0.108005
-0.115371
-0.123071
-0.131043
-0.139223
-0.147544
-0.155937
-0.16433
-0.172653
-0.180836
-0.188809
-0.196508
-0.203869
-0.210834
-0.217349
-0.223365
-0.228842
-0.233742
-0.238036
-0.241702
-0.244724
-0.247094
-0.24881
-0.249876
-0.250303
-0.250108
-0.249311
-0.24794
-0.246023
-0.243596
-0.240693
-0.237354
-0.233616
-0.22952
-0.225106
-0.220413
-0.215477
-0.210336
-0.205022
-0.199567
-0.194
-0.188344
-0.182623
-0.176855
-0.171056
-0.165239
-0.159412
-0.153585
-0.14776
-0.141942
-0.13613
-0.130326
-0.124527
-0.118731
-0.112938
-0.107144
-0.101348
-0.0955484
-0.0897458
-0.0839406
-0.0781343
-0.0723297
-0.0665307
-0.060742
-0.0549692
-0.0492185
-0.0434965
-0.03781
-0.0321657
-0.0265699
-0.021028
-0.0155446
-0.010123
-0.0047648
0.000530055
0.00576359
0.0109399
0.0160653
0.0211481
0.0261988
0.0312298
0.0362554
0.0412912
0.0463541
0.0514617
0.0566321
0.0618831
0.0672321
0.0726952
0.0782868
0.0840195
0.0899027
0.0959429
0.102143
0.108502
0.115015
0.121673
0.128459
0.135357
0.142343
0.149388
0.156462
0.163527
0.170547
0.177479
0.184279
0.190904
0.197307
0.203444
0.209271
0.214746
0.21983
0.224488
0.22869
0.232409
0.235625
0.238327
0.240507
0.242166
0.243313
0.243963
0.24414
0.243874
0.243201
0.242166
0.240817
0.239208
0.237398
0.235445
0.233414
0.231368
0.229369
0.227479
0.225756
0.224255
0.223026
0.222112
0.221549
0.221367
0.221584
0.222213
0.223255
0.224702
0.226536
0.228731
0.23125
0.234049
0.237076
0.240272
0.243571
0.246904
0.250198
0.253378
0.256368
0.259094
0.261482
0.263463
0.264976
0.265961
0.266371
0.266165
0.265312
0.263793
0.261598
0.258732
0.255208
0.251053
0.246305
0.241014
0.235239
0.229049
0.222522
0.215742
0.2088
0.201792
0.194814
0.187965
0.181344
0.175048
0.169167
0.163788
0.15899
0.154845
0.151414
0.148745
0.146879
0.145841
0.145643
0.146285
0.147755
0.150025
0.153057
0.1568
0.161191
0.166159
0.171624
0.177498
0.183688
0.190097
0.196625
0.203171
0.209638
0.215929
0.221952
0.227621
0.23286
0.237598
0.241776
0.245347
0.248274
0.250531
0.252107
0.253003
0.25323
0.252813
0.251788
0.250201
0.248109
0.245573
0.242667
0.239465
0.23605
0.232502
0.228908
0.225349
0.221907
0.218659
0.215677
0.213029
0.210771
0.208955
0.207621
0.2068
0.206514
0.206774
0.207579
0.20892
0.210779
0.213126
0.215926
0.219133
0.2227
0.226569
0.230683
0.234979
0.239395
0.243869
0.248338
0.252745
0.257035
0.261157
0.265067
0.268729
0.27211
0.275189
0.277951
0.280388
0.282502
0.284301
0.285801
0.287025
0.288001
0.288761
0.289345
0.289792
0.290144
0.290444
0.290735
0.291059
0.291453
0.291951
0.292585
0.293378
0.294348
0.295506
0.296857
0.298398
0.300116
0.301994
0.304006
0.306119
0.308295
0.310488
0.31265
0.314728
0.316667
0.318409
0.319898
0.321076
0.321889
0.322285
0.322219
0.321647
0.320534
0.318852
0.31658
0.313707
0.310227
0.306148
0.301482
0.296254
0.290495
0.284246
0.277553
0.270471
0.26306
0.255386
0.247517
0.239526
0.231484
0.223466
0.215543
0.207787
0.200264
0.193037
0.186162
0.179691
0.173667
0.168126
0.163095
0.158594
0.154634
0.151215
0.148331
0.145966
0.144098
0.142695
0.141721
0.141132
0.140881
0.140916
0.141182
0.141623
0.14218
0.142797
0.143417
0.143987
0.144456
0.144777
0.144907
0.144809
0.144451
0.143809
0.142863
0.141599
0.140011
0.138099
0.135868
0.133328
0.130495
0.127389
0.124034
0.120457
0.116687
0.112755
0.108692
0.10453
0.100301
0.0960341
0.0917569
0.0874953
0.0832718
0.0791059
0.0750135
0.0710067
0.0670939
0.0632799
0.0595657
0.0559489
0.052424
0.0489827
0.0456144
0.0423063
0.0390446
0.0358142
0.0325998
0.0293862
0.0261588
0.0229041
0.0196099
0.0162661
0.0128646
0.00939936
0.00586718
0.00226713
-0.00139921
-0.00512795
-0.00891305
-0.0127466
-0.0166193
-0.0205205
-0.0244392
-0.028364
-0.032284
-0.0361892
-0.0400708
-0.0439222
-0.047739
-0.0515197
-0.055266
-0.0589832
-0.0626801
-0.0663696
-0.0700684
-0.0737974
-0.0775807
-0.0814465
-0.0854258
-0.0895523
-0.0938623
-0.0983933
-0.103184
-0.108273
-0.1137
-0.1195
-0.12571
-0.132362
-0.139483
-0.1471
-0.15523
-0.163888
-0.173082
-0.182813
-0.193075
-0.203856
-0.215136
-0.226889
-0.239082
-0.251673
-0.264618
-0.277864
-0.291355
-0.30503
-0.318824
-0.332672
-0.346504
-0.360253
-0.373849
-0.387226
-0.40032
-0.41307
-0.42542
-0.437319
-0.448721
-0.459589
-0.469892
-0.479606
-0.488716
-0.497217
-0.505108
-0.512401
-0.519113
-0.52527
-0.530904
-0.536056
-0.540771
-0.545099
-0.549097
-0.552823
-0.556337
-0.559702
-0.562983
-0.56624
-0.569535
-0.572926
-0.57647
-0.580216
-0.584211
-0.588497
-0.593106
-0.598069
-0.603407
-0.609133
-0.615256
-0.621778
-0.628691
-0.635984
-0.64364
-0.651633
-0.659937
-0.668518
-0.67734
-0.686366
-0.695553
-0.704861
-0.714247
-0.72367
-0.73309
-0.74247
-0.751772
-0.760967
-0.770024
-0.778922
-0.78764
-0.796164
-0.804486
-0.812601
-0.820511
-0.828222
-0.835747
-0.843099
-0.850301
-0.857375
-0.86435
-0.871254
-0.878121
-0.884984
-0.891877
-0.898837
-0.905897
-0.913091
-0.920453
-0.928012
-0.935796
-0.94383
-0.952137
-0.960733
-0.969633
-0.978847
-0.98838
-0.998235
-1.00841
-1.01889
-1.02968
-1.04074
-1.05208
-1.06366
-1.07546
-1.08746
-1.09961
-1.1119
-1.12429
-1.13674
-1.14922
-1.16169
-1.17412
-1.18648
-1.19873
-1.21085
-1.22278
-1.23452
-1.24603
-1.25729
-1.26827
-1.27895
-1.28931
-1.29934
-1.30902
-1.31834
-1.32729
-1.33586
-1.34404
-1.35184
-1.35924
-1.36626
-1.37288
-1.37911
-1.38496
-1.39042
-1.39551
-1.40023
-1.40458
-1.40858
-1.41222
-1.41553
-1.4185
-1.42114
-1.42347
-1.4255
-1.42723
-1.42867
-1.42984
-1.43075
-1.4314
-1.43182
-1.43201
-1.43198
-1.43176
-1.43135
-1.43078
-1.43006
-1.42921
-1.42825
-1.42719
-1.42607
-1.42491
-1.42372
-1.42253
-1.42138
-1.42029
-1.41929
-1.4184
-1.41767
-1.41712
-1.41678
-1.41668
-1.41687
-1.41736
-1.4182
-1.41942
-1.42104
-1.4231
-1.42562
-1.42863
-1.43216
-1.43622
-1.44084
-1.44602
-1.45179
-1.45816
-1.46511
-1.47266
-1.48081
-1.48953
-1.49883
-1.50867
-1.51905
-1.52992
-1.54126
-1.55302
-1.56518
-1.57768
-1.59048
-1.60352
-1.61674
-1.6301
-1.64353
-1.65698
-1.67038
-1.68367
-1.69679
-1.7097
-1.72233
-1.73464
-1.74656
-1.75808
-1.76913
-1.7797
-1.78975
-1.79927
-1.80824
-1.81666
-1.82452
-1.83183
-1.83862
-1.84489
-1.85068
-1.85603
-1.86096
-1.86554
-1.8698
-1.87381
-1.87762
-1.88128
-1.88487
-1.88843
-1.89203
-1.89573
-1.89958
-1.90364
-1.90795
-1.91255
-1.91749
-1.9228
-1.92849
-1.93459
-1.9411
-1.94803
-1.95536
-1.96309
-1.97119
-1.97962
-1.98836
-1.99735
-2.00656
-2.01592
-2.02538
-2.03487
-2.04433
-2.0537
-2.06291
-2.0719
-2.08061
-2.08897
-2.09693
-2.10444
-2.11146
-2.11794
-2.12385
-2.12917
-2.13388
-2.13798
-2.14145
-2.14431
-2.14658
-2.14826
-2.1494
-2.15003
-2.15019
-2.14992
-2.14928
-2.14833
-2.1471
-2.14568
-2.14411
-2.14245
-2.14077
-2.1391
-2.13752
-2.13605
-2.13476
-2.13367
-2.13282
-2.13223
-2.13193
-2.13193
-2.13224
-2.13286
-2.13379
-2.13501
-2.13652
-2.1383
-2.14032
-2.14256
-2.145
-2.1476
-2.15034
-2.15319
-2.15613
-2.15911
-2.16213
-2.16517
-2.1682
-2.17122
-2.17421
-2.17718
-2.18013
-2.18306
-2.18599
-2.18893
-2.1919
-2.19492
-2.19804
-2.20127
-2.20464
-2.2082
-2.21197
-2.21598
-2.22028
-2.2249
-2.22985
-2.23517
-2.24087
-2.24697
-2.25349
-2.26043
-2.26779
-2.27556
-2.28374
-2.29229
-2.30121
-2.31047
-2.32002
-2.32984
-2.33988
-2.35009
-2.36043
-2.37086
-2.38132
-2.39176
-2.40214
-2.41241
-2.42252
-2.43245
-2.44214
-2.45158
-2.46074
-2.4696
-2.47814
-2.48636
-2.49426
-2.50184
-2.50912
-2.51611
-2.52283
-2.52932
-2.53559
-2.5417
-2.54766
-2.55354
-2.55935
-2.56514
-2.57096
-2.57683
-2.58279
-2.58888
-2.59511
-2.60151
