1.11117
0.494217
0.2925
0.646931
0.597287
0.509291
0.543434
0.1461
-0.231695
0.0271207
-0.377227
-0.0363038
-0.479432
-0.58963
-0.219296
-0.324115
-0.787692
-0.403498
-0.874855
-0.906976
-1.40134
-0.943337
-0.0806425
-0.0355362
-0.589622
-0.778398
-0.327147
-0.703687
-0.378971
-0.88698
-0.292799
-0.179826
-0.648084
-0.901225
-1.55068
-1.5678
-1.96106
-1.29201
-1.16206
-1.68046
-1.79101
-2.21018
-2.05056
-1.92659
-1.85383
-2.03985
-2.22812
-2.67437
-2.13954
-2.37649
-1.68544
-1.79173
-1.53112
-0.761586
-0.165097
-0.57856
-0.617743
0.0721777
0.0988839
-0.461852
-0.316073
-0.465909
-0.193511
-0.0596863
-0.518201
-0.849119
-0.71778
-1.18316
-0.965166
-0.966589
-0.377868
-0.439245
-0.842093
-0.63576
-0.806807
-0.599191
-0.452961
-0.93287
-0.676094
-1.17189
-0.881317
-0.458281
-0.27534
-1.43623
-1.19961
-0.815503
-0.924776
-1.32247
-1.16021
-1.30598
-0.828676
-0.757806
-0.745742
-1.16231
-0.993009
-0.846984
-1.26627
-0.55435
-0.734784
-1.39796
-1.3943
-1.56366
-2.2019
-0.738059
-1.22593
-1.00513
-0.61899
-0.74164
-0.832566
-1.40049
-1.66332
-2.30746
-2.15919
-1.45779
-2.10774
-2.4329
-1.64108
-1.63258
-1.0948
-0.556361
-1.37795
-1.25297
-0.993996
-0.632037
-0.908309
-0.257879
-0.178285
-0.507399
-0.46197
-0.620688
-0.76023
-1.20759
-0.919731
-1.09469
-0.797017
-0.843332
-0.38266
-1.20174
-1.16086
-1.28416
-1.68038
-1.52924
-1.23334
-1.24834
-1.19818
-1.11368
-1.27161
-0.972063
-1.3169
-1.47752
-1.80402
-1.25131
-1.40158
-0.703613
-0.906308
-0.453982
-0.509828
-1.08131
-1.14727
-1.68351
-1.70757
-0.991647
-1.17502
-1.75195
-1.29025
-1.20461
-1.53772
-1.36914
-1.57567
-2.11362
-1.8325
-2.54185
-2.56095
-3.10156
-2.43937
-2.62692
-2.49116
-2.44647
-2.35974
-1.79458
-2.20563
-2.3496
-1.82082
-1.95082
-2.72579
-3.09877
-2.20531
-2.9571
-2.5731
-2.45835
-2.63709
-3.01393
-2.46438
-2.39228
-2.61249
-2.56652
-2.31939
-1.66645
-1.70804
-2.33239
