-0.0255252
-0.0488282
-0.0697049
-0.087984
-0.103529
-0.11624
-0.126057
-0.132959
-0.136968
-0.138144
-0.136588
-0.132439
-0.125876
-0.117107
-0.106376
-0.0939526
-0.0801301
-0.065222
-0.0495564
-0.0334711
-0.0173088
-0.00141171
0.0138837
0.0282516
0.041382
0.0529854
0.0627969
0.0705809
0.0761338
0.0792876
0.0799122
0.0779174
0.0732537
0.0659133
0.0559299
0.0433776
0.0283701
0.0110582
-0.00837281
-0.0297059
-0.0526963
-0.0770753
-0.102555
-0.128833
-0.155595
-0.182525
-0.209305
-0.235622
-0.261173
-0.285669
-0.308841
-0.330439
-0.350244
-0.368062
-0.383732
-0.397125
-0.408149
-0.416746
-0.422893
-0.426604
-0.427927
-0.42694
-0.423755
-0.418511
-0.411372
-0.402525
-0.392173
-0.380536
-0.367846
-0.354339
-0.340257
-0.32584
-0.311324
-0.296935
-0.282893
-0.269399
-0.256639
-0.244783
-0.233976
-0.224347
-0.215997
-0.209009
-0.203441
-0.199329
-0.196689
-0.195516
-0.195789
-0.197469
-0.200504
-0.204829
-0.210372
-0.217054
-0.224792
-0.233502
-0.243099
-0.253505
-0.264646
-0.276454
-0.288872
-0.301853
-0.31536
-0.329369
-0.343867
-0.358854
-0.37434
-0.390347
-0.406904
-0.424052
-0.441834
-0.460299
-0.4795
-0.499488
-0.520313
-0.542019
-0.564646
-0.588224
-0.612772
-0.638296
-0.664788
-0.692227
-0.720571
-0.749764
-0.779731
-0.810379
-0.841599
-0.873264
-0.905231
-0.937343
-0.969432
-1.00132
-1.03281
-1.06372
-1.09384
-1.12298
-1.15095
-1.17756
-1.20261
-1.22595
-1.24742
-1.26688
-1.28421
-1.2993
-1.31209
-1.32251
-1.33054
-1.33617
-1.33943
-1.34036
-1.33905
-1.33558
-1.33007
-1.32268
-1.31356
-1.30288
-1.29085
-1.27766
-1.26352
-1.24866
-1.23328
-1.21762
-1.20188
-1.18627
-1.17099
-1.15621
-1.14211
-1.12883
-1.1165
-1.10522
-1.09509
-1.08615
-1.07844
-1.07198
-1.06674
-1.06269
-1.05976
-1.05788
-1.05693
-1.0568
-1.05735
-1.05843
-1.05988
-1.06153
-1.06321
-1.06474
-1.06595
-1.06667
-1.06674
-1.06599
-1.06428
-1.06149
-1.05749
-1.05218
-1.0455
-1.03736
-1.02773
-1.01658
-1.00391
-0.989735
-0.974086
-0.957015
-0.938589
-0.91889
-0.898016
-0.876073
-0.853181
-0.829464
-0.805057
-0.780095
-0.754719
-0.729066
-0.703278
-0.67749
-0.651834
-0.626437
-0.601421
-0.5769
-0.55298
-0.52976
-0.50733
-0.485774
-0.465164
-0.445568
-0.427046
-0.409651
-0.39343
-0.378424
-0.364672
-0.352206
-0.341058
-0.331254
-0.322822
-0.315785
-0.310166
-0.305987
-0.303269
-0.30203
-0.302289
-0.30406
-0.307356
-0.312188
-0.318559
-0.326471
-0.335917
-0.346886
-0.359357
-0.373301
-0.388681
-0.405449
-0.423546
-0.442904
-0.463443
-0.485072
-0.507691
-0.531188
-0.555444
-0.580331
-0.605713
-0.631451
-0.657402
-0.683418
-0.709355
-0.735069
-0.760422
-0.785279
-0.809518
-0.833024
-0.855694
-0.877442
-0.898194
-0.917894
-0.936504
-0.954003
-0.970388
-0.985675
-0.999895
-1.0131
-1.02535
-1.03673
-1.04732
-1.05723
-1.06656
-1.07542
-1.08391
-1.09217
-1.10027
-1.10834
-1.11644
-1.12467
-1.13307
-1.14169
-1.15055
-1.15966
-1.16899
-1.17852
-1.18817
-1.19787
-1.20751
-1.21697
-1.22611
-1.23479
-1.24285
-1.25011
-1.25641
-1.26156
-1.26541
-1.26779
-1.26855
-1.26757
-1.26471
-1.25989
-1.25304
-1.24413
-1.23313
-1.22008
-1.20502
-1.18803
-1.16924
-1.14878
-1.12683
-1.10359
-1.07929
-1.05416
-1.02846
-1.00245
-0.976427
-0.950645
-0.925381
-0.900896
-0.877436
-0.855228
-0.834476
-0.815356
-0.798013
-0.782555
-0.769056
-0.75755
-0.748032
-0.740457
-0.734742
-0.730767
-0.728375
-0.72738
-0.727565
-0.728693
-0.730506
-0.732732
-0.735094
-0.737312
-0.739109
-0.740222
-0.740401
-0.739421
-0.737082
-0.733216
-0.727692
-0.720418
-0.711343
-0.700461
-0.687807
-0.673465
-0.657558
-0.640251
-0.621749
-0.602289
-0.58214
-0.561595
-0.540967
-0.52058
-0.500767
-0.481859
-0.464181
-0.448044
-0.433739
-0.42153
-0.41165
-0.404295
-0.39962
-0.397734
-0.3987
-0.402532
-0.409193
-0.418599
-0.430617
-0.445066
-0.461725
-0.480334
-0.500599
-0.522197
-0.544785
-0.568001
-0.591478
-0.614843
-0.637731
-0.659787
-0.680675
-0.700082
-0.717725
-0.733357
-0.746769
-0.757794
-0.766307
-0.772233
-0.775539
-0.776241
-0.774396
-0.770105
-0.763505
-0.754771
-0.744103
-0.73173
-0.717896
-0.70286
-0.686887
-0.670242
-0.653185
-0.635964
-0.618812
-0.601939
-0.58553
-0.569739
-0.554691
-0.540476
-0.527149
-0.51473
-0.503208
-0.492538
-0.482644
-0.473428
-0.464766
-0.456519
-0.448536
-0.440658
-0.432723
-0.424576
-0.41607
-0.407074
-0.397475
-0.387185
-0.376144
-0.364324
-0.351728
-0.338395
-0.3244
-0.30985
-0.294889
-0.279688
-0.26445
-0.2494
-0.234783
-0.220858
-0.207893
-0.196159
-0.185924
-0.177445
-0.170963
-0.166697
-0.16484
-0.16555
-0.16895
-0.175122
-0.184103
-0.195887
-0.21042
-0.227605
-0.247296
-0.269309
-0.293417
-0.319362
-0.346853
-0.375575
-0.405197
-0.435376
-0.465763
-0.496016
-0.525802
-0.554804
-0.582733
-0.609329
-0.634369
-0.657671
-0.679101
-0.698572
-0.716046
-0.731541
-0.745121
-0.756905
-0.767056
-0.775781
-0.783328
-0.789975
-0.796029
-0.801818
-0.80768
-0.813959
-0.820994
-0.829113
-0.838625
-0.849812
-0.862918
-0.878152
-0.895674
-0.915592
-0.937963
-0.962786
-0.990002
-1.0195
-1.0511
-1.08458
-1.11967
-1.15605
-1.19337
-1.23122
-1.2692
-1.30688
-1.34382
-1.37958
-1.41374
-1.44589
-1.47564
-1.50264
-1.5266
-1.54726
-1.5644
-1.57789
-1.58763
-1.59361
-1.59586
-1.59449
-1.58967
-1.58161
-1.57059
-1.55693
-1.54101
-1.52321
-1.50398
-1.48376
-1.463
-1.44218
-1.42173
-1.40211
-1.38373
-1.36697
-1.35218
-1.33968
-1.32971
-1.3225
-1.31818
-1.31686
-1.31858
-1.32332
-1.33102
-1.34156
-1.35477
-1.37044
-1.38832
-1.40815
-1.42961
-1.45239
-1.47617
-1.50061
-1.52537
-1.55015
-1.57465
-1.59857
-1.62168
-1.64374
-1.66456
-1.684
-1.70194
-1.71831
-1.73306
-1.74619
-1.75774
-1.76776
-1.77635
-1.78363
-1.78973
-1.79479
-1.79897
-1.80244
-1.80536
-1.80789
-1.81016
-1.81232
-1.81448
-1.81674
-1.81917
-1.82182
-1.82471
-1.82787
-1.83125
-1.83483
-1.83854
-1.8423
-1.84602
-1.8496
-1.85294
-1.85591
-1.85841
-1.86034
-1.86159
-1.86209
-1.86176
-1.86054
-1.85842
-1.85536
-1.85139
-1.84653
-1.84084
-1.83437
-1.82723
-1.81951
-1.81133
-1.80281
-1.79408
-1.78527
-1.77652
-1.76795
-1.75966
-1.75176
-1.74433
-1.73744
-1.73112
-1.72541
-1.72029
-1.71574
-1.71171
-1.70813
-1.70491
-1.70193
-1.69908
-1.69622
-1.69321
-1.68991
-1.68619
-1.6819
-1.67695
-1.67122
-1.66463
-1.65713
-1.64869
-1.63931
-1.62903
-1.61792
-1.60607
-1.59362
-1.58073
-1.56758
-1.5544
-1.54141
-1.52886
-1.51701
-1.50612
-1.49644
-1.48821
-1.48166
-1.47699
-1.47438
-1.47397
-1.47585
-1.48007
-1.48663
-1.49548
-1.50653
-1.51962
-1.53455
-1.55106
-1.56884
-1.58757
-1.60686
-1.6263
-1.64549
-1.66397
-1.68131
-1.69708
-1.71086
-1.72225
-1.7309
-1.7365
-1.73878
-1.73754
-1.73264
-1.72402
-1.71168
-1.6957
-1.67625
-1.65355
-1.62792
-1.59974
-1.56945
-1.53754
-1.50457
-1.47111
-1.4378
-1.40525
-1.3741
-1.34499
-1.31852
-1.29526
-1.27576
-1.26048
-1.24985
-1.24419
-1.24377
-1.24875
-1.2592
-1.2751
-1.29632
-1.32265
-1.35378
-1.38931
-1.42874
-1.47153
-1.51703
-1.56457
-1.61343
-1.66284
-1.71203
-1.76023
-1.80668
-1.85062
-1.89135
-1.92823
-1.96065
-1.98811
-2.01016
-2.02644
-2.03672
-2.04083
-2.03871
-2.03042
-2.01609
-1.99597
-1.97039
-1.93975
-1.90455
-1.86534
-1.82271
-1.77732
-1.72984
-1.68095
-1.63134
-1.5817
-1.53268
-1.4849
-1.43894
-1.39533
-1.35451
-1.31689
-1.28276
-1.25237
-1.22586
-1.20331
-1.1847
-1.16994
-1.15889
-1.15132
-1.14695
-1.14544
-1.14643
-1.14951
-1.15428
-1.1603
-1.16715
-1.17441
-1.1817
-1.18866
-1.19496
-1.20035
-1.20459
-1.20753
-1.20906
-1.20914
-1.20779
-1.20508
-1.20115
-1.19618
-1.1904
-1.18408
-1.17753
-1.17106
-1.16502
-1.15975
-1.15559
-1.15287
-1.15188
-1.1529
-1.15617
-1.16187
-1.17014
-1.18107
-1.19468
-1.21094
-1.22975
-1.25096
-1.27435
-1.29965
-1.32656
-1.35472
-1.38372
-1.41316
-1.44257
-1.47152
-1.49954
-1.52619
-1.55103
-1.57366
-1.59369
-1.6108
-1.62468
-1.63511
-1.64191
-1.64495
-1.64419
-1.63961
-1.6313
-1.61939
-1.60405
-1.58555
-1.56416
-1.54022
-1.51411
-1.48624
-1.45702
-1.4269
-1.39632
-1.36572
-1.33555
-1.30621
-1.27809
-1.25157
-1.22697
-1.20458
-1.18463
-1.16732
-1.15281
-1.14119
-1.1325
-1.12676
-1.12391
-1.12388
-1.12655
-1.13174
-1.13928
-1.14895
-1.16053
-1.17376
-1.1884
-1.20418
-1.22086
-1.23819
-1.25592
-1.27385
-1.29176
-1.30947
-1.32682
-1.34366
-1.35988
-1.3754
-1.39012
-1.40401
-1.41704
-1.42918
-1.44045
-1.45085
-1.46041
-1.46915
-1.47712
-1.48434
-1.49086
-1.4967
-1.5019
-1.50647
-1.51044
-1.51381
-1.51659
-1.51878
-1.52037
-1.52134
-1.52169
-1.52139
-1.52043
-1.5188
-1.5165
-1.51351
-1.50985
-1.50553
-1.50057
-1.49503
-1.48894
-1.48236
-1.47538
-1.46808
-1.46055
-1.4529
-1.44523
-1.43767
-1.43033
-1.42332
-1.41676
-1.41074
-1.40536
-1.40071
-1.39684
-1.39381
-1.39164
-1.39034
-1.3899
-1.39028
-1.3914
-1.39321
-1.39558
-1.3984
-1.40152
-1.40481
-1.40808
-1.41118
-1.41393
-1.41616
-1.41771
-1.41843
-1.41817
-1.41681
-1.41425
-1.41042
-1.40527
-1.39879
-1.39099
-1.38191
-1.37163
-1.36026
-1.34793
-1.3348
-1.32106
-1.3069
-1.29255
-1.27823
-1.26416
-1.25057
-1.23767
-1.22568
-1.21477
-1.20511
-1.19681
-1.18997
-1.18465
-1.18085
-1.17854
-1.17765
-1.17805
-1.17957
-1.182
-1.18509
-1.18854
-1.19205
-1.19525
-1.1978
-1.19931
-1.1994
-1.19768
-1.1938
-1.1874
-1.17817
-1.16581
-1.1501
-1.13082
-1.10784
-1.08109
-1.05054
-1.01625
-0.978328
-0.936961
-0.892397
-0.844951
-0.794993
-0.742953
-0.689305
-0.634568
-0.579293
-0.524054
-0.469445
-0.41606
-0.364494
-0.315324
-0.269105
-0.226357
-0.187559
-0.153138
-0.123465
-0.0988437
-0.0795116
-0.0656312
-0.0572895
-0.0544962
-0.0571843
-0.0652112
-0.0783615
-0.0963516
-0.118835
-0.145407
