-0.0556509
-0.0450413
-0.0551993
-0.0862796
-0.0236871
-0.0754568
-0.106162
-0.133129
-0.135993
-0.120133
-0.115323
-0.14681
-0.161533
-0.154371
-0.151462
-0.126481
-0.110868
-0.149928
-0.189262
-0.300214
-0.313947
-0.352794
-0.344721
-0.41461
-0.46885
-0.458101
-0.453554
-0.40773
-0.365866
-0.319719
-0.354894
-0.463136
-0.395019
-0.332853
-0.286461
-0.242783
-0.192049
-0.25444
-0.240185
-0.210115
-0.174945
-0.142278
-0.133421
-0.182418
-0.172767
-0.127707
-0.106563
-0.117174
-0.107674
-0.112844
-0.113853
-0.108516
-0.0529779
-0.0463776
-0.0123186
-0.0313438
-0.0514761
-0.0622261
-0.0393411
0.0222728
-0.0128684
-0.0344466
0.0134972
0.0393323
0.0120117
0.0753083
0.0952688
0.173974
0.262204
0.378272
0.442971
0.504719
0.543936
0.56815
0.59752
0.589187
0.565876
0.527053
0.48415
0.531145
0.596225
0.641429
0.673087
0.688645
0.689641
0.638514
0.671424
0.727127
0.740408
0.852919
0.927523
0.970562
1.01162
1.00402
1.07478
1.13222
1.11741
1.11825
1.11026
1.11152
1.1488
1.1763
1.22252
1.24316
1.36126
1.45901
1.47953
1.45304
1.48482
1.53307
1.57217
1.64123
1.64492
1.64248
1.69284
1.69834
1.6926
1.67711
1.71869
1.68257
1.63502
1.59021
1.56878
1.59612
1.5748
1.56918
1.54445
1.48958
1.49634
1.54873
1.66271
1.69893
1.77908
1.79277
1.80528
1.81812
1.87915
1.89955
1.92206
2.0234
2.11123
2.19992
2.25072
2.3288
2.3616
2.44852
2.49356
2.56693
2.63931
2.66258
2.69163
2.67133
2.73823
2.82278
2.89573
2.93514
2.96045
3.00184
3.00368
3.01506
3.04688
3.11686
3.16882
3.24952
3.28343
3.35309
3.44976
3.50598
3.60499
3.70805
3.73549
3.74802
3.79173
3.87348
3.88643
4.03348
4.17593
4.30912
4.37607
4.46044
4.56263
4.68118
4.74878
4.83275
4.89299
4.91532
4.99498
5.03427
5.11883
5.16656
5.25628
5.22118
5.26935
5.30116
5.32175
5.32315
5.36562
5.32876
5.31377
5.31816
